City,Lat,Lng,Max Temp,Humidity,Cloudiness,Wind Speed,Country,Date
hervey bay,-25.2986,152.8535,73.0,63,52,8.01,AU,1619495977
belmonte,-15.8631,-38.8828,75.2,78,20,5.75,BR,1619495978
punta arenas,-53.15,-70.9167,44.6,93,90,5.75,CL,1619495978
geraldton,-28.7667,114.6,87.8,20,20,3.44,AU,1619495979
oranjemund,-28.55,16.4333,59.04,86,79,5.12,NA,1619495979
kupino,54.3663,77.2981,51.58,67,100,12.84,RU,1619495979
esperance,-33.8667,121.9,80.6,22,100,16.11,AU,1619495980
rikitea,-23.1203,-134.9692,78.01,72,100,6.04,PF,1619495980
hermanus,-34.4187,19.2345,61.0,88,99,1.28,ZA,1619495981
chokurdakh,70.6333,147.9167,27.91,84,95,3.18,RU,1619495981
victoria,22.2855,114.1577,75.0,92,100,5.01,HK,1619495825
santa isabel do rio negro,-0.4139,-65.0192,73.53,97,100,1.63,BR,1619495982
verkhnevilyuysk,63.4453,120.3167,23.27,67,100,10.36,RU,1619495982
borgomanero,45.7024,8.4581,50.0,95,100,1.61,IT,1619495983
namatanai,-3.6667,152.4333,85.05,69,54,4.92,PG,1619495983
busselton,-33.65,115.3333,75.99,70,35,1.01,AU,1619495984
castro,-24.7911,-50.0119,54.91,94,2,3.18,BR,1619495775
kapaa,22.0752,-159.319,78.8,65,40,10.36,US,1619495985
hvolsvollur,63.7533,-20.2243,43.25,91,64,3.15,IS,1619495985
katsuura,35.1333,140.3,69.8,35,40,3.44,JP,1619495986
horsens,55.8607,9.8503,32.0,86,5,0.92,DK,1619495987
khatanga,71.9667,102.5,25.16,92,100,18.63,RU,1619495987
richards bay,-28.783,32.0377,65.23,87,98,6.24,ZA,1619495988
acapulco,16.8634,-99.8901,79.84,65,91,4.97,MX,1619495978
guarapuava,-25.3953,-51.4581,47.08,86,0,2.3,BR,1619495988
asyut,27.181,31.1837,62.6,67,0,12.66,EG,1619495989
peniche,39.3558,-9.3811,59.0,93,97,3.0,PT,1619495989
spornoye,50.8448,37.2913,32.0,93,0,11.18,RU,1619495989
mataura,-46.1927,168.8643,46.0,76,91,3.0,NZ,1619495990
cabo san lucas,22.8909,-109.9124,73.4,43,90,18.99,MX,1619495972
champerico,14.3,-91.9167,72.0,94,6,2.59,GT,1619495990
lasa,46.6166,10.7002,52.0,100,90,4.61,IT,1619495991
san quintin,30.4833,-115.95,56.55,80,90,8.93,MX,1619495991
cidreira,-30.1811,-50.2056,61.09,79,1,9.42,BR,1619495992
nikolskoye,59.7035,30.7861,39.2,81,75,6.71,RU,1619495992
tulum,20.2167,-87.4667,76.14,82,65,6.4,MX,1619495993
kainantu,-6.2887,145.8655,75.56,60,35,4.85,PG,1619495993
chuy,-33.6971,-53.4616,52.41,84,0,7.31,UY,1619495994
novaya ladoga,60.1025,32.3019,37.0,43,100,8.7,RU,1619495994
margate,51.3813,1.3862,43.0,81,99,7.36,GB,1619495994
vaini,-21.2,-175.2,75.2,94,90,5.75,TO,1619495995
bundaberg,-24.85,152.35,77.0,46,75,14.97,AU,1619495995
iqaluit,63.7506,-68.5145,19.4,86,90,16.11,CA,1619495995
fortuna,40.5982,-124.1573,50.0,81,1,6.91,US,1619495996
santiago del estero,-27.7951,-64.2615,60.75,62,34,4.79,AR,1619495996
ushuaia,-54.8,-68.3,42.8,87,40,2.3,AR,1619495997
uray,60.1247,64.7758,41.27,72,100,13.18,RU,1619495997
caravelas,-17.7125,-39.2481,74.01,84,71,5.99,BR,1619495999
baiyin,36.5583,104.2081,42.8,49,20,11.18,CN,1619495999
dabat,12.9842,37.765,53.96,81,93,6.2,ET,1619496000
pizarro,4.9533,-77.366,76.32,92,100,6.11,CO,1619496000
lebu,-37.6167,-73.65,53.19,87,54,8.12,CL,1619496001
hamilton,39.1834,-84.5333,63.0,48,75,9.22,US,1619495895
pitea,65.3172,21.4794,32.0,93,90,10.36,SE,1619496002
delaware,39.0004,-75.4999,48.2,57,1,2.77,US,1619496005
bethel,41.3712,-73.414,44.01,52,1,4.61,US,1619496009
barrow,71.2906,-156.7887,21.2,79,90,14.97,US,1619496011
lagoa,39.05,-27.9833,59.09,88,100,13.31,PT,1619496013
yar-sale,66.8333,70.8333,32.77,99,100,13.27,RU,1619496018
nelson bay,-32.7167,152.15,71.01,68,40,9.22,AU,1619495722
palana,59.1167,159.9667,25.92,87,100,5.44,RU,1619495739
san carlos de bariloche,-41.1456,-71.3082,45.0,56,0,6.91,AR,1619495968
kajiado,-1.8524,36.7768,64.4,94,75,6.91,KE,1619496023
port lincoln,-34.7333,135.8667,69.57,53,0,5.06,AU,1619495783
sao filipe,14.8961,-24.4956,72.66,74,93,9.82,CV,1619496025
quelimane,-17.8786,36.8883,75.2,94,20,2.3,MZ,1619496026
arraial do cabo,-22.9661,-42.0278,74.46,78,98,2.01,BR,1619496026
raudeberg,61.9875,5.1352,39.0,75,100,8.66,NO,1619496027
emerald,-23.5333,148.1667,81.0,32,17,11.5,AU,1619496028
necochea,-38.5473,-58.7368,52.56,84,0,7.9,AR,1619496028
pandan,14.0453,124.1694,80.78,69,99,12.55,PH,1619496029
la rioja,42.25,-2.5,53.6,94,75,2.15,ES,1619495776
flinders,-34.5833,150.8552,73.99,60,7,4.0,AU,1619496030
igrim,63.1906,64.4162,40.98,64,29,7.0,RU,1619496030
georgetown,5.4112,100.3354,82.99,78,20,3.44,MY,1619496025
faya,18.3851,42.4509,57.2,82,40,3.96,SA,1619496031
vostok,46.4856,135.8833,61.9,24,100,6.2,RU,1619496032
hofn,64.2539,-15.2082,38.21,69,17,3.83,IS,1619496032
preobrazheniye,42.9019,133.9064,50.18,74,100,9.19,RU,1619496033
hilo,19.7297,-155.09,75.2,69,1,5.75,US,1619495788
pacific grove,36.6177,-121.9166,52.0,80,47,1.01,US,1619496034
korla,41.7597,86.1469,63.46,20,40,6.69,CN,1619496034
longyearbyen,78.2186,15.6401,17.6,62,20,12.66,SJ,1619496035
mount gambier,-37.8333,140.7667,59.0,72,90,5.75,AU,1619495947
shaunavon,49.6501,-108.4181,35.6,75,13,5.75,CA,1619496036
mar del plata,-38.0023,-57.5575,55.0,93,0,1.92,AR,1619496036
mount isa,-20.7333,139.5,87.8,29,40,11.5,AU,1619496037
omboue,-1.5746,9.2618,77.27,90,100,4.85,GA,1619496038
tautira,-17.7333,-149.15,82.4,69,20,3.44,PF,1619496038
yellowknife,62.456,-114.3525,7.0,61,75,8.05,CA,1619496039
bredasdorp,-34.5322,20.0403,57.2,88,97,3.44,ZA,1619496039
kruisfontein,-34.0033,24.7314,61.0,87,41,3.0,ZA,1619496040
sitka,57.0531,-135.33,50.0,66,75,4.5,US,1619496040
ozuluama,21.6667,-97.85,73.24,92,58,5.86,MX,1619496041
ancud,-41.8697,-73.8203,55.99,100,90,8.05,CL,1619496041
vieste,41.8825,16.175,50.0,100,20,3.44,IT,1619496042
airai,-8.9266,125.4092,75.38,36,64,1.92,TL,1619496042
colwyn bay,53.2948,-3.7267,48.99,85,93,3.0,GB,1619496043
jamestown,42.097,-79.2353,46.0,45,1,6.91,US,1619495919
qaanaaq,77.484,-69.3632,33.75,67,100,7.36,GL,1619496043
albany,42.6001,-73.9662,42.01,46,6,4.0,US,1619496044
vestmanna,62.1564,-7.1664,37.4,87,40,19.57,FO,1619496044
kropotkin,45.4375,40.5756,41.0,97,19,7.72,RU,1619496045
kloulklubed,7.0419,134.2556,82.4,83,90,10.36,PW,1619495816
nanortalik,60.1432,-45.2371,33.93,93,68,10.85,GL,1619495760
butaritari,3.0707,172.7902,82.96,75,42,12.66,KI,1619496046
mana,5.6592,-53.7767,76.71,90,100,8.66,GF,1619496046
upernavik,72.7868,-56.1549,32.49,73,100,4.03,GL,1619496047
nueva loja,0.0847,-76.8828,72.23,98,100,1.28,EC,1619496047
nchelenge,-9.3451,28.734,67.53,90,100,5.61,ZM,1619496048
paita,-5.0892,-81.1144,70.27,77,91,12.8,PE,1619495811
zyryanka,65.75,150.85,29.55,76,16,15.19,RU,1619496048
cape town,-33.9258,18.4232,62.6,94,90,3.44,ZA,1619496049
cedar city,37.6775,-113.0619,39.2,87,90,8.05,US,1619496049
narsaq,60.9167,-46.05,35.6,93,75,8.05,GL,1619496050
baykit,61.67,96.37,38.89,70,19,5.26,RU,1619496050
kargasok,59.0556,80.8572,46.71,60,0,11.39,RU,1619496050
tacna,-18.0056,-70.2483,60.8,67,0,4.61,PE,1619496051
cabedelo,-6.9811,-34.8339,75.2,94,20,3.44,BR,1619496051
tasiilaq,65.6145,-37.6368,35.6,75,75,6.85,GL,1619496052
hithadhoo,-0.6,73.0833,82.54,61,7,1.86,MV,1619495911
kavaratti,10.5669,72.642,84.65,72,11,7.16,IN,1619496052
faanui,-16.4833,-151.75,81.28,70,59,7.61,PF,1619496053
qalyub,30.1792,31.2056,61.0,72,40,8.05,EG,1619496053
puerto ayora,-0.7393,-90.3518,74.66,91,35,5.19,EC,1619496053
ofunato,39.0717,141.7167,57.2,28,20,6.91,JP,1619496054
provideniya,64.3833,-173.3,39.2,65,0,3.67,RU,1619496054
yumen,40.2833,97.2,53.13,11,87,13.76,CN,1619496055
shimoda,34.6667,138.95,64.4,55,40,8.05,JP,1619496055
vila velha,-20.3297,-40.2925,75.2,94,40,3.44,BR,1619496056
saint george,37.1041,-113.5841,55.0,62,40,9.22,US,1619496057
port alfred,-33.5906,26.891,66.34,90,92,16.75,ZA,1619496057
olafsvik,64.8945,-23.7142,42.26,80,0,6.64,IS,1619496058
te anau,-45.4167,167.7167,44.89,66,69,2.04,NZ,1619496058
saskylakh,71.9167,114.0833,14.9,86,39,7.05,RU,1619496058
atuona,-9.8,-139.0333,79.7,74,94,17.45,PF,1619496059
cururupu,-1.8283,-44.8683,74.23,95,89,1.16,BR,1619496059
limbang,4.75,115.0,89.6,66,75,3.44,MY,1619496060
sambava,-14.2667,50.1667,74.73,90,59,7.78,MG,1619496060
kirkenaer,60.4564,12.0582,33.01,69,0,8.05,NO,1619496061
dikson,73.5069,80.5464,31.64,98,100,17.13,RU,1619496061
teguldet,57.3064,88.1667,40.86,95,100,8.16,RU,1619496062
ongandjera,-17.8833,15.0667,66.87,35,54,3.49,NA,1619496062
bluff,-46.6,168.3333,46.0,76,92,3.0,NZ,1619496063
khani,41.9563,42.9566,44.91,98,100,2.19,GE,1619496063
bani walid,31.7566,13.9942,74.07,18,99,10.45,LY,1619496063
tessalit,20.1986,1.0114,85.41,10,31,8.93,ML,1619496064
new norfolk,-42.7826,147.0587,66.0,39,35,5.01,AU,1619496064
mahebourg,-20.4081,57.7,75.2,94,75,12.66,MU,1619496065
mehran,33.1222,46.1646,69.8,32,75,4.61,IR,1619496065
torbay,47.6666,-52.7314,43.0,100,90,23.02,CA,1619496065
bud,39.447,-86.1758,66.2,42,40,12.66,US,1619496066
rondonopolis,-16.4708,-54.6356,68.34,91,11,1.34,BR,1619496066
gemena,3.25,19.7667,69.12,95,13,1.81,CD,1619496067
norman wells,65.282,-126.8329,17.6,35,40,4.61,CA,1619496067
northam,51.0333,-4.2167,43.0,1,19,3.85,GB,1619496068
hobart,-42.8794,147.3294,66.0,48,40,6.91,AU,1619495911
berlevag,70.8578,29.0864,26.6,68,40,8.05,NO,1619496068
envira,-7.3,-70.2167,68.97,99,64,2.95,BR,1619496069
coos bay,43.3665,-124.2179,50.0,87,1,4.61,US,1619495875
mvuma,-19.2792,30.5283,58.01,59,13,5.44,ZW,1619496070
cortez,37.3489,-108.5859,57.2,15,1,19.57,US,1619496070
rawson,-43.3002,-65.1023,62.13,47,51,7.67,AR,1619496035
alofi,-19.0595,-169.9187,82.4,83,82,9.22,NU,1619496071
gat,31.61,34.7642,62.01,100,78,4.85,IL,1619496071
lewisville,33.0462,-96.9942,73.99,60,1,12.66,US,1619495561
kaitangata,-46.2817,169.8464,45.0,78,99,8.99,NZ,1619496072
ponta do sol,32.6667,-17.1,59.0,76,84,1.99,PT,1619496073
kinablangan,7.6947,126.5503,82.02,76,86,4.9,PH,1619496073
lavrentiya,65.5833,-171.0,32.56,89,9,2.13,RU,1619496073
naze,28.3667,129.4833,75.2,57,20,10.36,JP,1619496074
kodiak,57.79,-152.4072,42.8,87,90,16.11,US,1619496074
swellendam,-34.0226,20.4417,57.2,88,85,3.44,ZA,1619496075
ouadda,8.0777,22.4007,69.28,74,23,4.32,CF,1619496075
shingu,33.7333,135.9833,64.4,59,75,6.91,JP,1619496076
poli,-3.3333,36.8,69.8,100,90,5.75,TZ,1619496076
isangel,-19.55,169.2667,82.4,74,75,9.22,VU,1619496077
inhambane,-23.865,35.3833,62.6,100,20,6.02,MZ,1619496077
castrillon,43.3979,-6.7922,53.6,94,90,3.44,ES,1619496077
volgodonsk,47.5136,42.1514,43.92,91,36,14.81,RU,1619495883
shahrud,36.4182,54.9763,74.14,25,92,1.74,IR,1619496078
mackay,-21.15,149.2,77.0,73,90,17.27,AU,1619496078
garmsar,35.2182,52.3409,79.86,23,49,1.43,IR,1619496079
abnub,27.2696,31.1511,62.6,67,0,12.66,EG,1619496079
dwarka,22.2394,68.9678,84.09,61,0,9.95,IN,1619496080
ust-uda,54.1742,103.0304,40.24,45,96,12.59,RU,1619496080
vologda,59.2187,39.8886,35.38,80,100,9.4,RU,1619496081
tuktoyaktuk,69.4541,-133.0374,10.4,72,1,12.66,CA,1619496081
avera,33.194,-82.5271,60.8,88,1,7.2,US,1619496082
aksarka,66.5606,67.7975,33.57,99,100,6.76,RU,1619496082
college,64.8569,-147.8028,51.8,43,40,18.41,US,1619496082
babstovo,48.1167,132.4833,65.5,32,98,11.32,RU,1619496083
talaya,61.3833,152.75,25.72,55,6,2.64,RU,1619496083
pevek,69.7008,170.3133,26.35,93,100,3.15,RU,1619496084
pisco,-13.7,-76.2167,64.99,88,0,2.26,PE,1619496084
lenger,42.183,69.8839,73.4,38,0,2.24,KZ,1619496084
bhagwantnagar,26.2333,80.75,89.6,31,0,3.44,IN,1619496085
tuatapere,-46.1333,167.6833,46.0,76,94,3.0,NZ,1619496086
makakilo city,21.3469,-158.0858,80.6,61,75,9.22,US,1619496061
sinnamary,5.3833,-52.95,76.26,93,100,9.6,GF,1619496087
ballangen,68.3428,16.8315,32.0,93,90,1.14,NO,1619496088
asau,46.4333,26.4,39.99,67,100,2.53,RO,1619496088
santa vitoria do palmar,-33.5189,-53.3681,52.56,84,0,7.49,BR,1619496089
baleshwar,21.4942,86.9317,98.15,26,1,9.57,IN,1619496034
port elizabeth,-33.918,25.5701,64.4,72,20,16.11,ZA,1619496061
filadelfia,39.9523,-75.1638,48.99,46,1,3.18,US,1619495857
guerrero negro,27.9769,-114.0611,59.86,77,100,15.84,MX,1619496090
kahului,20.8947,-156.47,78.8,73,40,6.91,US,1619496090
laguna,38.421,-121.4238,57.99,51,1,5.75,US,1619496091
sao gabriel da cachoeira,-0.1303,-67.0892,73.18,99,100,2.21,BR,1619496091
toba tek singh,30.9743,72.4827,97.05,11,0,4.97,PK,1619496092
aklavik,68.2191,-135.0107,23.0,42,62,5.75,CA,1619496092
staryy nadym,65.6118,72.6842,34.72,98,100,15.73,RU,1619496092
dudinka,69.4058,86.1778,24.42,83,49,16.55,RU,1619496093
angol,-37.8,-72.7167,52.45,67,64,4.09,CL,1619496093
jalu,29.0331,21.5482,65.48,34,1,6.26,LY,1619496094
kasempa,-13.4584,25.8338,62.28,89,99,3.02,ZM,1619496094
pocone,-16.2567,-56.6228,69.22,79,0,4.34,BR,1619496069
marsh harbour,26.5412,-77.0636,73.69,70,10,20.47,BS,1619496008
tavricheskoye,54.5851,73.6395,48.2,76,75,11.18,RU,1619496095
vestmannaeyjar,63.4427,-20.2734,44.26,87,68,9.1,IS,1619496095
avarua,-21.2078,-159.775,82.4,69,75,2.3,CK,1619496096
aripuana,-9.1667,-60.6333,71.35,98,100,1.5,BR,1619496096
sivas,39.7916,37.0019,33.8,100,75,4.61,TR,1619496097
salalah,17.0151,54.0924,80.6,74,40,2.3,OM,1619496097
kusti,13.1629,32.6635,78.58,61,55,11.68,SD,1619496098
worland,44.0169,-107.9554,44.01,87,90,4.61,US,1619496032
ambilobe,-13.2,49.05,73.17,87,13,3.18,MG,1619496098
kushima,31.4583,131.2333,69.8,60,40,9.22,JP,1619496099
praia da vitoria,38.7333,-27.0667,60.8,77,75,7.65,PT,1619496099
cap-aux-meules,47.3821,-61.8597,39.2,100,100,8.05,CA,1619496099
moyale,3.5167,39.0584,68.77,68,82,4.7,KE,1619496100
luderitz,-26.6481,15.1594,58.95,81,42,8.1,NA,1619496100
hungund,16.0667,76.05,91.09,27,40,9.24,IN,1619496101
teahupoo,-17.8333,-149.2667,82.4,69,20,3.44,PF,1619496101
touros,-5.1989,-35.4608,75.2,88,20,2.3,BR,1619496066
waipawa,-41.4122,175.5153,52.0,76,75,18.41,NZ,1619496102
husavik,66.0449,-17.3389,28.4,93,0,3.44,IS,1619496102
ormara,25.2088,64.6357,82.24,73,2,9.62,PK,1619496071
shar,49.5886,81.0453,61.38,29,100,8.59,KZ,1619496103
quatre cocos,-20.2078,57.7625,75.2,94,75,12.66,MU,1619496103
montepuez,-13.1256,38.9997,67.46,98,77,2.66,MZ,1619496104
rokupr,8.6717,-12.395,76.1,85,85,0.96,SL,1619496104
severo-kurilsk,50.6789,156.125,32.99,99,100,14.54,RU,1619496073
vung tau,10.346,107.0843,85.08,66,100,7.83,VN,1619496105
tommot,58.9564,126.2925,35.53,97,100,9.37,RU,1619496105
adrar,20.5022,-10.0711,77.31,22,12,8.9,MR,1619496106
rio grande,-32.035,-52.0986,52.0,96,1,11.39,BR,1619496106
codrington,-38.2667,141.9667,61.45,59,87,7.23,AU,1619496106
ahipara,-35.1667,173.1667,63.09,74,69,8.08,NZ,1619496107
casa nova,-9.4167,-41.1333,78.8,65,0,9.22,BR,1619496107
souillac,-20.5167,57.5167,75.2,94,75,12.66,MU,1619496108
sobolevo,54.4299,31.8996,32.83,70,85,5.99,RU,1619496108
nivala,63.9167,24.9667,33.01,74,99,3.0,FI,1619496108
anadyr,64.75,177.4833,32.0,86,0,8.95,RU,1619496109
sarkand,45.41,79.9186,65.7,31,58,4.32,KZ,1619496109
tocopilla,-22.092,-70.1979,65.3,66,5,0.36,CL,1619496110
puerto escondido,15.85,-97.0667,81.84,75,19,7.4,MX,1619496110
krasnyy chikoy,50.3643,108.7512,35.29,72,54,18.16,RU,1619496111
calama,-22.4667,-68.9333,41.0,28,0,14.97,CL,1619496029
oranjestad,12.524,-70.027,79.0,89,40,13.8,AW,1619496111
hobyo,5.3505,48.5268,82.69,73,99,4.88,SO,1619496112
eatonton,33.3268,-83.3885,62.01,81,74,4.81,US,1619496112
miro khan,27.7599,68.0921,91.4,27,1,9.44,PK,1619496113
fare,-16.7,-151.0167,81.75,66,7,5.12,PF,1619496113
mairang,25.5667,91.6333,80.6,50,20,2.3,IN,1619496113
khatassy,61.9036,129.6383,35.6,69,75,11.18,RU,1619496114
inuvik,68.3499,-133.7218,23.0,42,49,5.75,CA,1619496114
caronport,50.4501,-105.8179,48.2,49,65,10.36,CA,1619496115
gryazovets,58.88,40.2525,34.48,83,100,7.16,RU,1619496115
poronaysk,49.2167,143.1167,38.88,65,6,10.54,RU,1619496115
mountain home,43.133,-115.6912,42.8,72,90,6.91,US,1619496003
fukue,32.6881,128.8419,66.2,82,75,18.41,JP,1619496116
el cope,8.6167,-80.6,77.0,52,92,5.01,PA,1619496116
kichera,55.9375,110.0997,31.73,44,85,12.37,RU,1619496117
quimperle,47.8667,-3.55,43.0,87,0,9.22,FR,1619496117
kamenka,51.3223,42.7678,43.0,93,100,14.54,RU,1619496118
ilulissat,69.2167,-51.1,35.6,75,40,8.05,GL,1619496118
berdigestyakh,62.0989,126.6992,26.22,74,100,10.42,RU,1619496119
murovani kurylivtsi,48.7235,27.5189,36.0,79,94,5.01,UA,1619496119
oyama,36.3,139.8,66.0,45,75,8.05,JP,1619496119
dakar,14.6937,-17.4441,68.0,88,1,13.8,SN,1619495980
san patricio,28.017,-97.5169,77.0,83,75,13.8,US,1619496120
cap malheureux,-19.9842,57.6142,75.0,89,100,3.0,MU,1619496120
bambous virieux,-20.3428,57.7575,75.2,94,75,12.66,MU,1619496121
primorka,47.2836,39.0625,37.99,81,0,11.18,RU,1619496121
tiksi,71.6872,128.8694,17.24,83,100,10.22,RU,1619496122
vila franca do campo,37.7167,-25.4333,59.0,82,40,9.22,PT,1619496122
debica,50.0515,21.4114,32.0,93,0,2.3,PL,1619496123
tongzi,28.7829,105.0877,76.68,48,70,1.97,CN,1619496123
talnakh,69.4865,88.3972,20.57,76,60,11.27,RU,1619496123
ryotsu,38.0833,138.4333,55.4,44,0,9.22,JP,1619496124
rehoboth,-23.3167,17.0833,60.4,47,6,2.66,NA,1619496124
ostrovnoy,68.0531,39.5131,30.02,70,100,11.45,RU,1619496125
hatillo,18.4863,-66.8254,73.0,89,39,5.77,PR,1619496125
vardo,70.3705,31.1107,30.2,74,75,5.75,NO,1619496125
san andres,12.5847,-81.7006,80.6,74,90,11.5,CO,1619496126
antofagasta,-23.65,-70.4,60.8,63,0,3.44,CL,1619496126
naranjal,-2.6667,-79.6167,78.8,78,75,10.36,EC,1619496127
young,-32.6833,-57.6333,55.99,90,25,5.39,UY,1619496127
klaksvik,62.2266,-6.589,37.4,87,40,19.57,FO,1619496127
porto walter,-8.2686,-72.7439,70.43,98,81,3.91,BR,1619496128
meybod,32.2501,54.0166,71.6,37,0,2.3,IR,1619496128
camacha,33.0833,-16.3333,60.8,82,20,9.22,PT,1619496129
egvekinot,66.3167,-179.1667,26.17,93,92,3.15,RU,1619496129
lufilufi,-13.8745,-171.5986,87.8,70,40,9.22,WS,1619496130
itarema,-2.9248,-39.9167,76.57,85,69,8.52,BR,1619496130
savinskiy,62.9342,40.1361,31.75,86,100,7.31,RU,1619496131
vanavara,60.34,102.2797,30.92,54,20,2.62,RU,1619496075
karla,59.3723,24.9275,37.4,93,90,5.75,EE,1619496131
bathsheba,13.2167,-59.5167,78.8,65,40,17.27,BB,1619496132
east london,-33.0153,27.9116,62.6,82,0,5.75,ZA,1619496132
warrnambool,-38.3833,142.4833,60.01,83,85,5.61,AU,1619496132
price,39.5994,-110.8107,44.6,65,90,9.22,US,1619496133
curup,-3.4667,102.5333,84.76,53,41,2.37,ID,1619496133
weyburn,49.6668,-103.8511,42.8,65,85,4.61,CA,1619496134
denpasar,-8.65,115.2167,86.0,70,20,14.97,ID,1619496134
kant,27.8,79.8,98.74,6,0,5.88,IN,1619496134
karratha,-20.7377,116.8463,90.43,15,0,13.42,AU,1619496135
farmington,36.7281,-108.2187,59.0,14,20,14.97,US,1619496136
america dourada,-11.4553,-41.4361,69.73,78,44,8.46,BR,1619496136
rognan,67.0953,15.3878,35.01,88,85,2.77,NO,1619496136
bengkulu,-3.8004,102.2655,84.7,65,27,5.39,ID,1619496137
ribeira grande,38.5167,-28.7,60.57,85,100,3.74,PT,1619496137
de aar,-30.6497,24.0123,56.39,57,59,8.41,ZA,1619496138
boa vista,2.8197,-60.6733,77.0,83,75,5.75,BR,1619496055
hami,42.8,93.45,58.19,10,68,2.95,CN,1619496138
malaya purga,56.5567,53.0043,44.01,53,73,1.01,RU,1619496139
lompoc,34.6391,-120.4579,51.8,82,6,9.22,US,1619496076
khislavichi,54.1871,32.1582,32.88,70,69,5.97,RU,1619496139
vaitape,-16.5167,-151.75,81.27,70,56,7.65,PF,1619496140
ketchikan,55.3422,-131.6461,53.6,50,1,6.91,US,1619496140
niquelandia,-14.4739,-48.4597,69.03,88,22,1.5,BR,1619496045
thompson,55.7435,-97.8558,41.0,65,90,19.57,CA,1619496018
carnarvon,-24.8667,113.6333,82.4,42,0,5.75,AU,1619496141
ende,-8.8432,121.6623,85.57,48,50,4.41,ID,1619496142
ziyang,29.2497,117.8547,63.95,98,100,0.85,CN,1619496142
ko samui,9.5357,99.9357,87.8,70,75,6.91,TH,1619496143
man,7.4125,-7.5538,71.4,99,38,2.39,CI,1619496143
marawi,7.9986,124.2928,82.99,80,96,5.99,PH,1619496144
pangai,-19.8,-174.35,77.0,83,90,8.05,TO,1619496144
kununurra,-15.7667,128.7333,87.8,51,90,5.75,AU,1619495916
port hardy,50.6996,-127.4199,50.0,87,75,2.3,CA,1619496145
belaya gora,68.5333,146.4167,30.18,81,100,4.65,RU,1619496145
nazca,-14.8333,-74.95,68.99,72,2,3.13,PE,1619496048
bontang,0.1333,117.5,82.35,80,13,5.57,ID,1619496146
saldanha,-33.0117,17.9442,62.6,88,9,2.3,ZA,1619496146
broome,42.2506,-75.833,37.4,35,1,3.44,US,1619496147
north bend,43.4065,-124.2243,50.0,87,1,4.61,US,1619496147
pyaozerskiy,65.8333,31.1667,28.67,86,94,0.69,RU,1619496148
makaha,21.4694,-158.2175,80.6,68,90,5.5,US,1619496148
ziro,27.6333,93.8333,84.2,54,20,3.44,IN,1619496148
constitucion,-35.3333,-72.4167,57.22,60,0,6.08,CL,1619496149
hasaki,35.7333,140.8333,64.99,51,75,10.36,JP,1619496128
saint-philippe,-21.3585,55.7679,75.2,88,75,20.71,RE,1619496149
sault sainte marie,46.5168,-84.3333,33.8,86,90,10.36,CA,1619496014
hirara,24.8,125.2833,78.8,57,40,12.66,JP,1619496150
pundaguitan,6.3711,126.1689,82.24,72,55,9.19,PH,1619496151
iroquois falls,48.7669,-80.6831,39.2,41,90,6.91,CA,1619496151
calhoun,42.2506,-85.0005,50.0,71,90,9.22,US,1619496152
srednekolymsk,67.45,153.6833,29.61,78,55,6.58,RU,1619496152
chino valley,34.7575,-112.4538,50.0,49,40,9.22,US,1619496152
satun,6.8333,100.0,89.6,62,40,2.3,TH,1619496153
san carlos,9.6612,-68.5827,82.0,64,100,2.95,VE,1619496153
suwalki,54.1118,22.9309,29.64,94,78,10.4,PL,1619496154
ceres,37.5949,-120.9577,57.0,50,1,13.8,US,1619496154
valera,9.3178,-70.6036,73.2,91,88,3.87,VE,1619496155
nang rong,14.6377,102.7914,84.0,100,75,6.91,TH,1619496155
mazyr,52.0495,29.2456,30.78,88,17,7.9,BY,1619496156
gainsborough,53.3833,-0.7667,43.0,70,96,8.05,GB,1619496156
komnina,40.6,21.7833,55.99,100,100,2.3,GR,1619496156
bonfim,3.0833,-59.95,75.18,92,100,10.96,BR,1619496157
huarmey,-10.0681,-78.1522,66.58,89,5,9.48,PE,1619496157
hurghada,27.2574,33.8129,69.8,52,0,11.5,EG,1619496061
eureka,40.8021,-124.1637,50.0,76,1,3.44,US,1619496158
arkhangelsk,64.5401,40.5433,32.0,74,90,6.71,RU,1619496158
huilong,31.8111,121.655,66.99,84,100,5.75,CN,1619496159
senneterre,48.3835,-77.2328,30.2,64,1,2.3,CA,1619496159
lagos,6.5833,3.75,80.6,89,40,4.52,NG,1619496159
inongo,-1.95,18.2667,72.91,89,28,4.36,CD,1619496160
clyde river,70.4692,-68.5914,24.8,100,90,3.44,CA,1619496160
ballina,-28.8667,153.5667,75.2,64,1,11.5,AU,1619496161
san policarpo,12.1791,125.5072,80.94,75,35,8.99,PH,1619496161
marystown,47.1666,-55.1483,43.86,96,100,33.22,CA,1619496161
pochutla,15.7432,-96.4661,81.0,81,8,1.99,MX,1619496162
sibu,2.3,111.8167,84.2,79,40,5.75,MY,1619496162
manadhoo,5.7667,73.3833,83.93,72,39,7.11,MV,1619496163
les cayes,18.2,-73.75,74.19,84,1,4.14,HT,1619496163
acarau,-2.8856,-40.12,76.93,85,76,8.19,BR,1619496164
digoin,46.4812,3.9795,44.6,93,0,2.3,FR,1619496164
fiche,9.8,38.7333,51.1,83,98,0.67,ET,1619496164
ekibastuz,51.6667,75.3667,56.01,74,100,10.11,KZ,1619496165
dzhebariki-khaya,62.2167,135.8,35.31,100,100,3.09,RU,1619496165
niquero,20.0431,-77.5828,78.17,72,0,16.87,CU,1619496166
adre,13.4667,22.2,76.17,12,71,13.2,TD,1619496166
abu samrah,35.3029,37.1841,58.84,79,0,11.39,SY,1619496166
saint-joseph,-21.3667,55.6167,75.2,88,75,20.71,RE,1619496167
sabha,27.0377,14.4283,75.43,21,99,10.87,LY,1619496167
kibala,9.1104,18.3463,84.2,54,0,3.53,TD,1619496168
nuzvid,16.7833,80.85,87.8,74,3,3.44,IN,1619496168
sangar,63.9242,127.4739,24.35,86,100,14.27,RU,1619496168
tateyama,34.9833,139.8667,69.8,35,40,3.44,JP,1619496124
araouane,18.9048,-3.5265,86.43,15,32,9.15,ML,1619496147
balkanabat,39.5108,54.3671,83.08,24,2,8.01,TM,1619496170
santa cruz del sur,20.7147,-77.9956,76.26,77,0,12.24,CU,1619496170
ponta delgada,37.7333,-25.6667,59.0,82,40,9.22,PT,1619496072
port-cartier,50.0334,-66.8654,41.0,93,90,13.8,CA,1619496171
tilichiki,60.4667,166.1,31.03,99,100,1.66,RU,1619496171
tsogni,-2.7942,10.0988,76.84,90,98,4.0,GA,1619496172
demba,-5.51,22.2667,67.51,98,100,2.1,CD,1619496172
yulara,-25.2406,130.9889,77.0,22,0,12.66,AU,1619496172
malakal,9.5334,31.6605,73.78,77,69,4.61,SS,1619496173
beringovskiy,63.05,179.3167,33.53,94,74,3.47,RU,1619496173
maumere,-8.6199,122.2111,84.7,48,22,3.29,ID,1619496174
puerto cabezas,14.0351,-83.3888,76.21,80,7,8.41,NI,1619496174
hunchun,42.8675,130.3581,63.63,47,91,8.32,CN,1619496174
mogadishu,2.0371,45.3438,83.05,74,50,5.17,SO,1619496008
aktau,43.65,51.2,53.6,94,75,8.95,KZ,1619496175
chara,56.9064,118.2631,24.96,76,100,11.61,RU,1619496175
gravelbourg,49.8834,-106.5512,42.8,65,40,4.61,CA,1619496176
ensley,30.5188,-87.2728,69.8,88,1,8.05,US,1619496176
conceicao do araguaia,-8.2578,-49.2647,77.0,94,0,3.44,BR,1619496177
bubaque,11.2833,-15.8333,77.47,67,43,13.13,GW,1619496177
riyadh,24.6877,46.7219,77.0,22,0,8.68,SA,1619496007
roald,62.5833,6.1333,37.4,70,99,12.66,NO,1619496178
dubbo,-32.25,148.6167,75.2,29,0,2.3,AU,1619496178
garissa,-0.4536,39.6401,78.75,81,71,11.99,KE,1619496179
santa rosa,14.3122,121.1114,87.01,68,87,10.0,PH,1619496179
kandava,57.0409,22.7747,38.44,94,100,7.38,LV,1619496179
nishihara,26.1842,127.7558,77.0,43,75,12.66,JP,1619496180
coihaique,-45.5752,-72.0662,53.6,82,75,6.91,CL,1619496180
auki,-8.7676,160.7034,84.04,71,100,4.05,SB,1619496181
kenai,60.5544,-151.2583,60.8,33,1,13.8,US,1619496181
taoudenni,22.6783,-3.9836,85.41,15,5,7.29,ML,1619496181
abu kamal,34.4506,40.9171,66.85,51,3,16.08,SY,1619496182
la gomera,14.0833,-91.05,82.4,83,75,1.01,GT,1619496183
nuuk,64.1835,-51.7216,35.6,93,90,8.05,GL,1619496132
maniitsoq,65.4167,-52.9,32.25,94,100,11.59,GL,1619496183
torit,4.4133,32.5678,69.75,87,100,2.44,SS,1619496184
takayama,36.1333,137.25,70.0,39,0,5.75,JP,1619496184
gamba,-2.65,10.0,77.22,90,100,3.69,GA,1619496184
pueblo nuevo,23.3833,-105.3833,56.07,46,100,3.29,MX,1619496185
dunedin,-45.8742,170.5036,46.0,70,100,15.01,NZ,1619495941
joshimath,30.5667,79.5667,69.87,35,0,2.62,IN,1619496185
leningradskiy,69.3833,178.4167,32.43,87,97,3.76,RU,1619496186
shirokiy,49.758,129.523,55.81,55,100,9.69,RU,1619496186
fairbanks,64.8378,-147.7164,51.8,32,1,14.97,US,1619495910
petropavlovsk-kamchatskiy,53.0452,158.6483,35.6,100,90,4.47,RU,1619496187
le port,-20.9373,55.2919,73.99,88,90,13.8,RE,1619496187
vao,-22.6667,167.4833,73.04,66,7,19.93,NC,1619496188
chiredzi,-21.05,31.6667,61.75,65,3,2.42,ZW,1619496188
ola,59.5833,151.2833,26.06,74,51,5.21,RU,1619496188
zonguldak,41.25,31.8333,38.46,79,2,5.61,TR,1619496189
mosquera,4.7059,-74.2302,59.0,67,40,3.44,CO,1619496189
harper,4.375,-7.7169,79.63,84,33,5.35,LR,1619496190
kita,13.0349,-9.4895,86.31,34,97,3.06,ML,1619496190
ciudad bolivar,8.1222,-63.5497,82.78,55,85,13.02,VE,1619496190
tatarsk,55.219,75.9828,49.59,73,100,12.12,RU,1619496191
saint-augustin,51.226,-58.6502,36.12,91,100,31.21,CA,1619496191
xinxiang,35.3089,113.8672,77.59,22,27,7.78,CN,1619496192
obo,5.3998,26.4869,67.23,96,100,3.53,CF,1619496192
kieta,-6.2167,155.6333,84.04,75,83,1.9,PG,1619496193
zamora,-4.0692,-78.9567,66.99,97,100,3.76,EC,1619496193
boyolangu,-8.1181,111.8935,84.11,68,51,10.33,ID,1619496193
los llanos de aridane,28.6585,-17.9182,66.2,72,75,1.14,ES,1619496194
haukipudas,65.1765,25.3523,33.8,69,0,4.61,FI,1619496194
el grullo,19.8,-104.2167,70.74,50,18,2.86,MX,1619496195
mbanza-ngungu,-5.25,14.8667,67.62,98,100,1.59,CD,1619496195
piltene,57.2243,21.6744,39.2,93,90,8.05,LV,1619496196
mandali,33.7499,45.5541,88.12,15,86,3.47,IQ,1619496196
asbestovskiy,57.7557,61.3967,44.15,54,13,12.8,RU,1619496196
meulaboh,4.1363,96.1285,85.01,67,98,4.07,ID,1619496197
mwene-ditu,-7.0,23.45,64.38,96,68,2.95,CD,1619496175
solikamsk,59.6196,56.7729,35.37,96,100,6.33,RU,1619496197
weymouth,42.2209,-70.9398,46.99,45,7,10.36,US,1619496198
kasongo-lunda,-6.4667,16.8167,69.51,97,100,0.67,CD,1619496198
katobu,-4.9408,122.5276,88.7,54,50,2.51,ID,1619496199
okahandja,-21.9833,16.9167,60.8,48,5,3.44,NA,1619496199
batesville,35.7698,-91.641,69.8,56,1,13.8,US,1619495949
grand gaube,-20.0064,57.6608,75.0,89,100,3.0,MU,1619496161
renfrew,55.872,-4.3925,44.6,93,52,3.44,GB,1619496200
ojinaga,29.5667,-104.4167,84.2,10,1,3.44,MX,1619496201
port hedland,-20.3167,118.5667,93.2,13,0,14.97,AU,1619496201
znamenskoye,57.1281,73.8282,51.98,39,10,11.32,RU,1619496202
fortuna foothills,32.6578,-114.4119,62.01,63,40,3.44,US,1619496202
moche,-8.1711,-79.0092,66.22,90,16,7.83,PE,1619496202
khandyga,62.6667,135.6,34.65,100,100,3.06,RU,1619496203
zhigansk,66.7697,123.3711,20.3,85,100,14.67,RU,1619496198
maningrida,-12.0667,134.2667,86.05,65,49,5.5,AU,1619496204
yugorsk,61.3133,63.3319,39.6,67,94,10.22,RU,1619496204
taltal,-25.4,-70.4833,60.84,84,2,2.64,CL,1619496082
atambua,-9.1061,124.8925,82.13,44,48,2.86,ID,1619496205
viedma,-40.8135,-62.9967,56.46,56,0,10.29,AR,1619496205
rocha,-34.4833,-54.3333,50.97,85,0,5.06,UY,1619496205
tanout,14.9709,8.8879,81.64,12,0,10.38,NE,1619496206
radha kund,27.5333,77.4833,99.28,8,0,4.72,IN,1619496206
misratah,32.3754,15.0925,68.7,41,66,18.7,LY,1619496207
kavieng,-2.5744,150.7967,84.52,66,48,4.25,PG,1619496174
pingliang,35.5392,106.6861,56.37,35,100,6.85,CN,1619496208
chapais,49.7834,-74.8492,30.2,55,1,8.05,CA,1619496208
attingal,8.6833,76.8333,87.8,70,20,2.3,IN,1619496208
lorengau,-2.0226,147.2712,84.16,70,38,2.91,PG,1619496209
kutum,14.2,24.6667,69.71,15,93,6.15,SD,1619496209
westport,41.1415,-73.3579,48.2,37,1,5.64,US,1619496210
maryville,35.7565,-83.9705,64.4,68,75,4.32,US,1619495982
knysna,-34.0363,23.0471,55.4,94,0,5.75,ZA,1619496210
fergus falls,46.283,-96.0776,41.0,87,90,3.44,US,1619496211
nabire,-3.3667,135.4833,85.82,66,36,6.38,ID,1619496211
usinsk,65.9939,57.5281,33.89,99,100,8.77,RU,1619496212
saint anthony,45.0205,-93.218,45.0,81,90,5.75,US,1619496212
suluova,40.8313,35.6479,41.0,65,0,0.89,TR,1619496212
krasnozerskoye,53.9828,79.2374,52.59,54,100,10.56,RU,1619496213
baneh,35.9975,45.8853,65.01,41,98,9.6,IR,1619496213
nakusp,50.2499,-117.8023,50.0,53,17,3.44,CA,1619496000
bandarbeyla,9.4942,50.8122,83.26,71,57,4.34,SO,1619496188
takasaki,36.3333,139.0167,63.0,28,30,7.0,JP,1619496214
hovd,48.0056,91.6419,45.3,18,50,3.27,MN,1619496215
acajutla,13.5928,-89.8275,73.99,100,22,4.68,SV,1619496215
toguchin,55.2353,84.3858,54.54,52,11,9.53,RU,1619496216
darhan,49.4867,105.9228,46.15,37,89,18.23,MN,1619496216
shahr-e babak,30.1165,55.1186,65.5,35,16,2.93,IR,1619496216
cherskiy,68.75,161.3,25.84,75,44,5.55,RU,1619496100
tabou,4.423,-7.3528,79.39,85,40,5.1,CI,1619496217
uhlove,44.8215,33.6045,48.0,60,23,6.44,UA,1619496217
skegness,53.1436,0.3363,41.0,75,0,5.75,GB,1619496218
xichang,27.8964,102.2634,75.56,37,81,0.74,CN,1619496218
yarada,17.65,83.2667,89.6,66,40,9.22,IN,1619496219
padang,-0.9492,100.3543,87.8,66,20,3.44,ID,1619496219
sudislavl,57.8817,41.7083,36.39,79,46,2.08,RU,1619496219
pierre,44.3683,-100.351,50.0,76,1,12.66,US,1619496141
tigil,57.8,158.6667,30.11,88,100,9.08,RU,1619496220
esperantinopolis,-4.8667,-44.7083,72.61,98,93,3.02,BR,1619496221
melito di porto salvo,37.9222,15.7714,64.4,48,91,12.66,IT,1619496221
palmer,42.1584,-72.3287,42.8,45,1,10.36,US,1619496221
bac lieu,9.285,105.7244,87.64,59,94,10.07,VN,1619496222
keetmanshoop,-26.5833,18.1333,55.4,76,0,2.3,NA,1619496222
chimore,-16.9833,-65.1333,68.07,89,100,1.79,BO,1619496223
nyurba,63.2842,118.3319,24.94,58,100,10.11,RU,1619496223
warmbad,-28.45,18.7333,51.66,91,45,2.24,NA,1619496224
voskresenskoye,56.8381,45.4317,39.51,67,81,5.17,RU,1619496224
sosnovo-ozerskoye,52.5249,111.5418,35.1,51,37,19.89,RU,1619496224
acurenam,1.0322,10.6488,68.99,99,100,2.26,GQ,1619496225
aykhal,66.0,111.5,16.86,82,99,11.88,RU,1619496225
alta gracia,-31.6529,-64.4283,57.99,87,0,8.05,AR,1619496226
lazaro cardenas,17.9583,-102.2,76.3,75,82,3.8,MX,1619496226
floro,61.5996,5.0328,39.2,75,75,3.87,NO,1619496227
palmerston,-12.486,130.9833,91.0,55,40,10.36,AU,1619496211
rindal,63.0565,9.2124,29.07,88,99,1.77,NO,1619496227
berezayka,57.9883,33.9036,34.14,93,100,6.6,RU,1619496228
aswan,24.0934,32.907,72.41,31,0,10.31,EG,1619496228
vytegra,61.0064,36.4481,33.93,98,100,5.97,RU,1619496228
batemans bay,-35.7167,150.1833,68.0,67,3,1.99,AU,1619496229
boguchany,58.3814,97.4531,41.67,67,40,7.92,RU,1619496229
owase,34.0667,136.2,64.96,55,85,8.75,JP,1619496230
kayseri,38.737,35.4968,46.4,87,75,4.61,TR,1619495972
ust-nera,64.5667,143.2,30.87,86,100,5.21,RU,1619496230
kysyl-syr,63.8986,122.7617,21.43,79,100,10.92,RU,1619496231
cabinda,-5.55,12.2,78.51,90,99,4.43,AO,1619496231
half moon bay,37.4636,-122.4286,51.8,81,20,13.8,US,1619496232
havoysund,70.9963,24.6622,32.0,93,75,2.3,NO,1619496232
rutana,-3.8667,30.1,53.94,90,100,2.44,BI,1619496232
kamwenge,0.1866,30.4539,61.5,98,99,0.43,UG,1619496233
baragaon,25.4333,82.8167,84.2,39,40,3.44,IN,1619496233
leninsk,48.7119,45.1994,42.8,93,75,8.95,RU,1619496234
karpathos,35.507,27.2132,59.0,77,6,20.71,GR,1619496234
monrovia,6.3005,-10.7969,77.0,94,40,4.0,LR,1619496023
aranda de duero,41.6704,-3.6892,48.9,89,99,5.28,ES,1619496235
ixtapa,20.7,-105.2,78.8,78,75,9.22,MX,1619496236
san cristobal,7.7669,-72.225,70.92,79,100,0.69,VE,1619496236
tornio,65.8481,24.1466,32.0,74,0,6.91,FI,1619496237
silvania,-16.6589,-48.6081,73.4,73,0,4.61,BR,1619496237
manta,-0.95,-80.7333,75.2,88,75,6.91,EC,1619496238
kemlya,54.6963,45.2424,42.08,81,82,11.27,RU,1619496238
bukachacha,52.9833,116.9167,43.43,57,94,13.15,RU,1619496238
porto novo,6.4965,2.6036,80.46,85,94,5.55,BJ,1619496239
mwense,-10.3845,28.698,64.26,92,100,3.06,ZM,1619496239
la asuncion,11.0333,-63.8628,78.8,83,91,16.11,VE,1619496240
hambantota,6.1241,81.1185,86.0,84,40,5.75,LK,1619496240
dalvik,65.9702,-18.5286,28.4,93,0,3.44,IS,1619496241
namibe,-15.1961,12.1522,74.03,73,14,6.49,AO,1619496225
sabang,5.8933,95.3214,83.5,71,85,3.98,ID,1619496242
bocaiuva,-17.1078,-43.815,72.16,56,76,2.55,BR,1619496244
callaway,30.153,-85.5699,66.99,88,1,1.59,US,1619496244
puerto carreno,6.189,-67.4859,80.01,78,88,6.11,CO,1619496200
asmar,35.0333,71.3581,79.2,26,1,5.23,AF,1619496245
kyakhta,50.3508,106.4494,41.13,38,89,18.03,RU,1619496245
stranda,62.3096,6.9358,30.99,74,100,3.58,NO,1619496246
ustupo,9.1333,-77.9333,79.03,84,99,11.34,PA,1619496246
chernyshevskiy,63.0128,112.4714,23.2,58,71,8.88,RU,1619496246
bida,9.0833,6.0167,80.02,64,63,3.2,NG,1619496247
tahta,26.7693,31.5021,62.6,51,0,10.36,EG,1619496247
andenes,69.3143,16.1194,35.6,69,75,17.27,NO,1619496248
sindor,62.8629,51.8905,35.51,97,100,4.45,RU,1619496248
